function y=f_female_g(c)

b2=4.5324681549033698521644401984791;
c2=4/5;
a2 =3;

y=c2./(1+a2*exp(-b2*c));

end
